0.22990457481795054 0 0.7869292059020679 0 0 0 0 0 0 0 0
0.054708396022829564 1 0.8871292023174524 0 0 0 0 0 0 0 0
0.21922346790680752 0 0.9311320319195229 0 0 0 0 0 0 0 0
0.24283841996646102 0 0.8948879104350081 0 0 0 0 0 0 0 0
0.17225947404816155 1 0.9950492542662821 0 0 0 0 0 0 0 0
0.208542574156977 1 0.7993821681445142 0 0 0 0 0 0 0 0
0.18189749755449275 0 0.979867073035546 0 0 0 0 0 0 0 0
0.2114725348188507 0 0.7829755938584377 0 0 0 0 0 0 0 0
0.13123158483601133 1 0.7469090253644721 0 0 0 0 0 0 0 0
0.019071632489708695 1 0.9922105455919393 0 0 0 0 0 0 0 0
0.14817291761033863 0 0.6992917259922085 0 0 0 0 0 0 0 0
0.11305620198961108 1 0.5336873576338991 0 0 0 0 0 0 0 0
0.022027876759510068 1 0.5682870914325651 0 0 0 0 0 0 0 0
0.20723373975836262 1 0.9405886060400883 0 0 0 0 0 0 0 0
0.09310421750167946 0 0.5431777964531175 0 0 0 0 0 0 0 0
0.005325721775495285 1 0.9710155266531713 0 0 0 0 0 0 0 0
0.06232190892669276 1 0.9951172817922873 0 0 0 0 0 0 0 0
0.02841537681051165 0 0.5683138799574318 0 0 0 0 0 0 0 0
0.0631445994526807 1 0.645446085115921 0 0 0 0 0 0 0 0
0.07738598830335874 1 0.9736428215438275 0 0 0 0 0 0 0 0
0.2367672042967649 1 0.5469319556322354 0 0 0 0 0 0 0 0
0.15614386528805227 1 0.8953708368659798 0 0 0 0 0 0 0 0
0.08132679912689808 0 0.9409186872638777 0 0 0 0 0 0 0 0
0.16672801276722193 1 0.5984533500411966 0 0 0 0 0 0 0 0
0.24447157002860412 1 0.9438610938840848 0 0 0 0 0 0 0 0
0.19232252352991944 1 0.619880881904265 0 0 0 0 0 0 0 0
0.19878418836612663 1 0.580821879517058 0 0 0 0 0 0 0 0
0.2018479704784977 0 0.7799330846588883 0 0 0 0 0 0 0 0
0.011050722476620395 1 0.7208168634263227 0 0 0 0 0 0 0 0
0.18881489496971837 0 0.8547328523867574 0 0 0 0 0 0 0 0
0.09211307943181127 1 0.512439092009302 0 0 0 0 0 0 0 0
0.054227862753927825 0 0.8569153779487511 0 0 0 0 0 0 0 0
0.013273895173590011 1 0.9965067628597302 0 0 0 0 0 0 0 0
0.15964947336055052 0 0.6540850379929667 0 0 0 0 0 0 0 0
0.07799697964709973 1 0.6835466112635775 0 0 0 0 0 0 0 0
0.15075691158954915 0 0.8704836241639664 0 0 0 0 0 0 0 0
0.05185547697396006 1 0.6940065847057884 0 0 0 0 0 0 0 0
0.014371138353939078 1 0.7331873648322715 0 0 0 0 0 0 0 0
0.17584144396766724 1 0.9529223903608779 0 0 0 0 0 0 0 0
0.12497362107271134 1 0.754612897165392 0 0 0 0 0 0 0 0
0.11806320145774415 1 0.521182386673585 0 0 0 0 0 0 0 0
0.22077572502103662 1 0.8400974704954373 0 0 0 0 0 0 0 0
0.16269596112278664 1 0.6525016774575274 0 0 0 0 0 0 0 0
0.0029558168483171943 0 0.6912590193440156 0 0 0 0 0 0 0 0
0.12118745253238006 1 0.7274644814880082 0 0 0 0 0 0 0 0
0.10483274383476893 1 0.797520241610067 0 0 0 0 0 0 0 0
0.22372299984075286 0 0.9733166571997907 0 0 0 0 0 0 0 0
0.18768774725119544 1 0.703084210994676 0 0 0 0 0 0 0 0
0.08304567855870756 0 0.9226026323421854 0 0 0 0 0 0 0 0
0.06191652615232149 0 0.6017130616251165 0 0 0 0 0 0 0 0
0.14575239817217447 0 0.6752937501858027 0 0 0 0 0 0 0 0
0.0022546504603709328 0 0.532262156372385 0 0 0 0 0 0 0 0
0.14167285432743237 0 0.6940788946151336 0 0 0 0 0 0 0 0
0.24313005874217836 1 0.657317793311324 0 0 0 0 0 0 0 0
0.0247307902497792 1 0.672744115452116 0 0 0 0 0 0 0 0
0.15207166554402646 1 0.5077869241798527 0 0 0 0 0 0 0 0
0.12681526530158238 1 0.5376400403562374 0 0 0 0 0 0 0 0
0.08165516197373224 1 0.7020566024641237 0 0 0 0 0 0 0 0
0.0211484134064083 0 0.6742364209915334 0 0 0 0 0 0 0 0
0.11092088655464408 1 0.6458785297603318 0 0 0 0 0 0 0 0
0.13678791681220973 0 0.5740570999997123 0 0 0 0 0 0 0 0
0.09985744764692817 0 0.6021444060571378 0 0 0 0 0 0 0 0
0.18122485138152314 1 0.6654614943524231 0 0 0 0 0 0 0 0
0.12659645983876847 1 0.5351089362702636 0 0 0 0 0 0 0 0
0.17212406679922906 1 0.8009556740898898 0 0 0 0 0 0 0 0
0.14683791448267897 1 0.9286177696914977 0 0 0 0 0 0 0 0
0.07277646840069601 1 0.7865206151463704 0 0 0 0 0 0 0 0
0.24387247571293494 1 0.9471720187231333 0 0 0 0 0 0 0 0
0.13833074529460684 1 0.5125096926580208 0 0 0 0 0 0 0 0
0.0994168549491885 1 0.716148968963102 0 0 0 0 0 0 0 0
0.0771754573480139 0 0.7318682193414368 0 0 0 0 0 0 0 0
0.0654274485306085 1 0.7855488372139273 0 0 0 0 0 0 0 0
0.13119400676944296 1 0.9234240292986122 0 0 0 0 0 0 0 0
0.14746895731422113 1 0.8038068735586497 0 0 0 0 0 0 0 0
0.1029897227152182 0 0.8949781244637034 0 0 0 0 0 0 0 0
0.05651851883784367 0 0.9660727731013163 0 0 0 0 0 0 0 0
0.0583669514093019 1 0.9879356226412098 0 0 0 0 0 0 0 0
0.14702089798428183 0 0.5180487178544051 0 0 0 0 0 0 0 0
0.09635637011401357 0 0.727428754636992 0 0 0 0 0 0 0 0
0.04927760407738796 1 0.5307949631228674 0 0 0 0 0 0 0 0
0.03442342560437972 0 0.6289634604612733 0 0 0 0 0 0 0 0
0.07058067416798686 1 0.899026991743308 0 0 0 0 0 0 0 0
0.12235630168966957 0 0.5827577515377369 0 0 0 0 0 0 0 0
0.10629056472355108 0 0.7502029255134741 0 0 0 0 0 0 0 0
0.21869831748131752 1 0.9258029458361432 0 0 0 0 0 0 0 0
0.11362499422628683 1 0.7379914091220532 0 0 0 0 0 0 0 0
0.19113527484583592 1 0.7975553770614903 0 0 0 0 0 0 0 0
0.24820072416156816 0 0.660364204088464 0 0 0 0 0 0 0 0
0.18533561357166206 0 0.8545716460191013 0 0 0 0 0 0 0 0
0.12143703120629759 1 0.8092221381002661 0 0 0 0 0 0 0 0
0.23550305841990826 1 0.9774610684239109 0 0 0 0 0 0 0 0
0.030669131969415703 1 0.9616134259250747 0 0 0 0 0 0 0 0
0.1379970470433822 1 0.5890297546387571 0 0 0 0 0 0 0 0
0.018289104237464937 1 0.537755474447125 0 0 0 0 0 0 0 0
0.186873853114121 0 0.8117932942364516 0 0 0 0 0 0 0 0
0.12080706280392114 1 0.6667714787047982 0 0 0 0 0 0 0 0
0.1865191031770422 0 0.5760316975811015 0 0 0 0 0 0 0 0
0.1358735574465241 0 0.7044128142338686 0 0 0 0 0 0 0 0
0.20576526541364618 1 0.678252448654098 0 0 0 0 0 0 0 0
0.22576670558843814 0 0.7144839349273151 0 0 0 0 0 0 0 0
0.06556047840294546 0 0.997481146468324 0 0 0 0 0 0 0 0
0.062334506980241705 0 0.950512461601851 0 0 0 0 0 0 0 0
0.2154530787121868 0 0.8898644004220193 0 0 0 0 0 0 0 0
0.178106285374565 1 0.7270418944700867 0 0 0 0 0 0 0 0
0.10158799023163759 1 0.8043840360150419 0 0 0 0 0 0 0 0
0.0504984097684501 0 0.6437791653670734 0 0 0 0 0 0 0 0
0.17145193312947823 0 0.8664373877238394 0 0 0 0 0 0 0 0
0.06696682870809689 1 0.8714559029425646 0 0 0 0 0 0 0 0
0.11315971171426822 1 0.9434441930490104 0 0 0 0 0 0 0 0
0.22551208169641726 1 0.5895018757887047 0 0 0 0 0 0 0 0
0.00041521616438811026 0 0.7341780908762523 0 0 0 0 0 0 0 0
0.1474111703219548 1 0 0.5850019344430988 0 0 0 0 0 0 0
0.11891039274883047 1 0 0.9065994458510238 0 0 0 0 0 0 0
0.06173673868639562 1 0 0.6352902520290633 0 0 0 0 0 0 0
0.10753102178807383 0 0 0.9731337453236928 0 0 0 0 0 0 0
0.20198576272932972 1 0 0.9508174222456658 0 0 0 0 0 0 0
0.12431363785069399 1 0 0.5732601778060556 0 0 0 0 0 0 0
0.08388913029097478 1 0 0.5862050714644619 0 0 0 0 0 0 0
0.07855260601704728 0 0 0.7770172220386455 0 0 0 0 0 0 0
0.010569718695417452 0 0 0.9747125532888881 0 0 0 0 0 0 0
0.23674875020977906 0 0 0.6047134440070047 0 0 0 0 0 0 0
0.12380812908694994 1 0 0.7224961907709563 0 0 0 0 0 0 0
0.013896331979158794 0 0 0.8167029878745871 0 0 0 0 0 0 0
0.035463658692581695 1 0 0.7304569582451717 0 0 0 0 0 0 0
0.1791656215406634 1 0 0.5654804359957126 0 0 0 0 0 0 0
0.2403238689490217 0 0 0.9112062181291716 0 0 0 0 0 0 0
0.03720209895005955 1 0 0.6541839672310134 0 0 0 0 0 0 0
0.0726532287325356 1 0 0.7205645065179488 0 0 0 0 0 0 0
0.23372657732918214 1 0 0.7435592698018596 0 0 0 0 0 0 0
0.02668477060604721 1 0 0.6663975628137195 0 0 0 0 0 0 0
0.2330044370527734 1 0 0.6620797582067284 0 0 0 0 0 0 0
0.2055227661195095 1 0 0.6193240585212343 0 0 0 0 0 0 0
0.1038959726996212 1 0 0.5559777741588264 0 0 0 0 0 0 0
0.04081187317885954 0 0 0.8843721578795241 0 0 0 0 0 0 0
0.12546865532893972 0 0 0.6611955381256971 0 0 0 0 0 0 0
0.01967106287398171 1 0 0.9000958249838136 0 0 0 0 0 0 0
0.09422835415205738 1 0 0.5339094775270161 0 0 0 0 0 0 0
0.09411636753280628 0 0 0.7794711138974115 0 0 0 0 0 0 0
0.01978863161154873 1 0 0.7267200698922573 0 0 0 0 0 0 0
0.21455595848174883 1 0 0.9598280882132029 0 0 0 0 0 0 0
0.24602224806947479 0 0 0.8635126511617546 0 0 0 0 0 0 0
0.05342778923559949 0 0 0.5647696822814909 0 0 0 0 0 0 0
0.09722542961043878 1 0 0.6212940788511685 0 0 0 0 0 0 0
0.14246803328621188 0 0 0.8444262856692752 0 0 0 0 0 0 0
0.18200489904341102 1 0 0.6777525790778254 0 0 0 0 0 0 0
0.18480336009386122 0 0 0.5758445651951366 0 0 0 0 0 0 0
0.09731232841389756 0 0 0.638745014605145 0 0 0 0 0 0 0
0.12465981416485117 1 0 0.9598019085782934 0 0 0 0 0 0 0
0.06338611743327321 0 0 0.8891303634404326 0 0 0 0 0 0 0
0.18054456789527093 1 0 0.5889975226156415 0 0 0 0 0 0 0
0.05728469497439881 0 0 0.7166889448609945 0 0 0 0 0 0 0
0.003519449811687947 0 0 0.7870892842533068 0 0 0 0 0 0 0
0.20567405253976145 0 0 0.7620573784615793 0 0 0 0 0 0 0
0.07815033412487307 1 0 0.9666026611769805 0 0 0 0 0 0 0
0.23771627332591472 0 0 0.6773725128396964 0 0 0 0 0 0 0
0.158045222628581 0 0 0.5279116966535016 0 0 0 0 0 0 0
0.12370654798447767 0 0 0.5093084742651177 0 0 0 0 0 0 0
0.10873813013274264 1 0 0.5373923446387179 0 0 0 0 0 0 0
0.224995293255956 0 0 0.5260271016296267 0 0 0 0 0 0 0
0.09069551083997429 1 0 0.733600379289814 0 0 0 0 0 0 0
0.10244061486670852 1 0 0.8249973860532841 0 0 0 0 0 0 0
0.1610877843075836 1 0 0.9791960588864701 0 0 0 0 0 0 0
0.24015329257308574 1 0 0.7683774506067755 0 0 0 0 0 0 0
0.10881332165656302 0 0 0.9210231086301502 0 0 0 0 0 0 0
0.2424924516150095 1 0 0.8928023028203451 0 0 0 0 0 0 0
0.08291535417651633 0 0 0.9458997400813399 0 0 0 0 0 0 0
0.0778400335039092 1 0 0.5699762323843479 0 0 0 0 0 0 0
0.17243458675924636 0 0 0.9549630123060902 0 0 0 0 0 0 0
0.07426964767888697 0 0 0.6165629453168431 0 0 0 0 0 0 0
0.21600513162275822 1 0 0.8159204656229645 0 0 0 0 0 0 0
0.041646204904304485 0 0 0.8585356252141657 0 0 0 0 0 0 0
0.028925200074156943 1 0 0.8628336277086921 0 0 0 0 0 0 0
0.008491893331353556 1 0 0.8352386650611332 0 0 0 0 0 0 0
0.03933799846571312 1 0 0.5085402069245779 0 0 0 0 0 0 0
0.057634282929402564 0 0 0.8163980500250324 0 0 0 0 0 0 0
0.22379893250232238 1 0 0.8306893314252524 0 0 0 0 0 0 0
0.005577293816276668 1 0 0.8227429476992523 0 0 0 0 0 0 0
0.07797697063598341 0 0 0.680863522789457 0 0 0 0 0 0 0
0.05598335195221665 0 0 0.6232367699111534 0 0 0 0 0 0 0
0.11081419295402986 1 0 0.6534865969101693 0 0 0 0 0 0 0
0.00838165283246109 1 0 0.5608704112849136 0 0 0 0 0 0 0
0.06228923118540883 0 0 0.6260654064631219 0 0 0 0 0 0 0
0.06978519890337154 0 0 0.5840330828059496 0 0 0 0 0 0 0
0.24921212405298146 1 0 0.9742257898838922 0 0 0 0 0 0 0
0.09676176036325734 1 0 0.6138170404502769 0 0 0 0 0 0 0
0.1046367418784187 1 0 0.9742702972160513 0 0 0 0 0 0 0
0.20352070762774366 0 0 0.9659694773820323 0 0 0 0 0 0 0
0.1652024113365008 1 0 0.569947152252461 0 0 0 0 0 0 0
0.0677037560925394 1 0 0.6872660570363895 0 0 0 0 0 0 0
0.16703620566891075 1 0 0.9396854619579393 0 0 0 0 0 0 0
0.2056920919861613 1 0 0.8075152098332119 0 0 0 0 0 0 0
0.24488777049202287 0 0 0.8552576844593691 0 0 0 0 0 0 0
0.13542304039917272 0 0 0.7726741967498441 0 0 0 0 0 0 0
0.04071390417924847 0 0 0.7977469087315903 0 0 0 0 0 0 0
0.007332956725394246 1 0 0.8306515092399189 0 0 0 0 0 0 0
0.18559077277743005 1 0 0.7169032652857268 0 0 0 0 0 0 0
0.15554521979923716 1 0 0.7138299243779788 0 0 0 0 0 0 0
0.09684548989494657 1 0 0.5060704544742616 0 0 0 0 0 0 0
0.1877287289869753 1 0 0.6560831126698006 0 0 0 0 0 0 0
0.04516834236292039 0 0 0.6048764671865904 0 0 0 0 0 0 0
0.07557089253387975 1 0 0.617223892543886 0 0 0 0 0 0 0
0.01488968777081734 1 0 0.6718753229079925 0 0 0 0 0 0 0
0.019628374950604516 0 0 0.8911307283703322 0 0 0 0 0 0 0
0.22138811065346295 1 0 0.9326526145413188 0 0 0 0 0 0 0
0.0009126845245987503 1 0 0.7099440035831692 0 0 0 0 0 0 0
0.15811131879532678 1 0 0.9444859943975782 0 0 0 0 0 0 0
0.08422359087715664 0 0 0.6124915415838315 0 0 0 0 0 0 0
0.21025624567565476 1 0 0.509258295062927 0 0 0 0 0 0 0
0.05766479836365143 1 0 0.8807098950712173 0 0 0 0 0 0 0
0.18841886619627157 0 0 0.8842692879520333 0 0 0 0 0 0 0
0.2271870754604535 0 0 0.5168412672163458 0 0 0 0 0 0 0
0.031625828559393304 0 0 0.8945223394193922 0 0 0 0 0 0 0
0.014118771869169738 0 0 0.5509801207992073 0 0 0 0 0 0 0
0.23745302315493377 0 0 0.9987109653569679 0 0 0 0 0 0 0
0.15441004410268275 0 0 0.5373235929096589 0 0 0 0 0 0 0
0.12353675641806044 0 0 0.6946394568462764 0 0 0 0 0 0 0
0.05786386085012821 0 0 0.680936913099996 0 0 0 0 0 0 0
0.2226352130373247 1 0 0.6474438769513264 0 0 0 0 0 0 0
0.12100522955909346 0 0 0.7880401798332215 0 0 0 0 0 0 0
0.10616176453955475 1 0 0.6728243651071273 0 0 0 0 0 0 0
0.12440854603960827 1 0 0.5716151251104075 0 0 0 0 0 0 0
0.0909240918092303 0 0 0.7246378613850029 0 0 0 0 0 0 0
0.0685160709373587 0 0 0 0.5360030860721465 0 0 0 0 0 0
0.15352108968204856 1 0 0 0.9672464124606337 0 0 0 0 0 0
0.01599556294904622 0 0 0 0.9775063971804983 0 0 0 0 0 0
0.0880951151551215 1 0 0 0.7888506354290887 0 0 0 0 0 0
0.023535944138161846 1 0 0 0.8721362908814463 0 0 0 0 0 0
0.1266716387506925 1 0 0 0.824775802212098 0 0 0 0 0 0
0.11424282913115397 0 0 0 0.875266709156777 0 0 0 0 0 0
0.08337883241511326 0 0 0 0.7317297511775676 0 0 0 0 0 0
0.12024880456645898 1 0 0 0.7213238975343115 0 0 0 0 0 0
0.10310891085208027 0 0 0 0.8526916858484688 0 0 0 0 0 0
0.14099554821165586 0 0 0 0.5612149672773116 0 0 0 0 0 0
0.22594117426664348 1 0 0 0.5473068268185403 0 0 0 0 0 0
0.2184020814659359 1 0 0 0.869385449165818 0 0 0 0 0 0
0.009933946590580112 1 0 0 0.774727212749265 0 0 0 0 0 0
0.2404087710467013 1 0 0 0.9471250008874745 0 0 0 0 0 0
0.10805670673737344 1 0 0 0.5475348236790761 0 0 0 0 0 0
0.15579143122594727 1 0 0 0.9794513575881073 0 0 0 0 0 0
0.240230026703423 1 0 0 0.6409941607654082 0 0 0 0 0 0
0.207656515194696 0 0 0 0.9012831399047874 0 0 0 0 0 0
0.2334947099928961 1 0 0 0.7329125089984494 0 0 0 0 0 0
0.10874924884110412 1 0 0 0.5952795210753896 0 0 0 0 0 0
0.1169879081053212 1 0 0 0.9338412568366582 0 0 0 0 0 0
0.1919942662963879 1 0 0 0.6736802551999536 0 0 0 0 0 0
0.20483142905843715 0 0 0 0.5688753988399222 0 0 0 0 0 0
0.0071032377227462085 0 0 0 0.7513054513857613 0 0 0 0 0 0
0.11479832772332141 0 0 0 0.7110838181974168 0 0 0 0 0 0
0.09413239045492683 0 0 0 0.7936328806647333 0 0 0 0 0 0
0.15526583398737892 0 0 0 0.9226493426943948 0 0 0 0 0 0
0.22447363885133848 1 0 0 0.7869500972531985 0 0 0 0 0 0
0.12646404339845685 0 0 0 0.8963204703289354 0 0 0 0 0 0
0.031429767809018905 1 0 0 0.8884812660787889 0 0 0 0 0 0
0.15229153426568062 0 0 0 0.8566911089151827 0 0 0 0 0 0
0.06428021769986023 1 0 0 0.8820033495767082 0 0 0 0 0 0
0.0859914396244901 1 0 0 0.5968104739851345 0 0 0 0 0 0
0.24526590131650997 1 0 0 0.9476360452109376 0 0 0 0 0 0
0.09023545451239581 1 0 0 0.700208801923651 0 0 0 0 0 0
0.05742447277839205 0 0 0 0.8140143904761692 0 0 0 0 0 0
0.015957185539150626 1 0 0 0.8591042707060715 0 0 0 0 0 0
0.21462122479344822 1 0 0 0.6617629767340122 0 0 0 0 0 0
0.1072278942424951 0 0 0 0.9541710384230568 0 0 0 0 0 0
0.10562471372468221 1 0 0 0.7856247631299915 0 0 0 0 0 0
0.17339000695938514 0 0 0 0.620770686748841 0 0 0 0 0 0
0.15066187600818587 1 0 0 0.812127952042611 0 0 0 0 0 0
0.16183023718535466 1 0 0 0.8038662299335718 0 0 0 0 0 0
0.07541627345585544 1 0 0 0.6861229734226475 0 0 0 0 0 0
0.07530627027286857 1 0 0 0.544481546141091 0 0 0 0 0 0
0.0780939819652651 1 0 0 0.7660484710765756 0 0 0 0 0 0
0.07341151327890122 1 0 0 0.9674758480070198 0 0 0 0 0 0
0.06924377793032718 1 0 0 0.6023847794092667 0 0 0 0 0 0
0.07614300262055865 1 0 0 0.5208065747773525 0 0 0 0 0 0
0.14114670600564153 1 0 0 0.8983100288202159 0 0 0 0 0 0
0.11902849696425763 0 0 0 0.8038092845266671 0 0 0 0 0 0
0.0782228964841436 1 0 0 0.9311859383868176 0 0 0 0 0 0
0.16765255101402046 1 0 0 0.666414889020608 0 0 0 0 0 0
0.19452213567221147 1 0 0 0.8879430193222821 0 0 0 0 0 0
0.1011001337831755 0 0 0 0.653572738544921 0 0 0 0 0 0
1.9866290631997963e-07 0 0 0 0.6071239875001235 0 0 0 0 0 0
0.09418834208691818 1 0 0 0.5105488058399206 0 0 0 0 0 0
0.011893435126685004 1 0 0 0.8999642917996753 0 0 0 0 0 0
0.03647306376118681 0 0 0 0.6222650843219959 0 0 0 0 0 0
0.21552613076402038 0 0 0 0.8160780389742882 0 0 0 0 0 0
0.1775468546021111 0 0 0 0.9722049231870522 0 0 0 0 0 0
0.2182402593203804 1 0 0 0.9869188428514817 0 0 0 0 0 0
0.22716954411847112 0 0 0 0.5587450461932028 0 0 0 0 0 0
0.06367172506762112 0 0 0 0.9685090938107102 0 0 0 0 0 0
0.24300902453204834 1 0 0 0.5765015401434747 0 0 0 0 0 0
0.1579526865750216 0 0 0 0.9383275507935163 0 0 0 0 0 0
0.05772339023935061 0 0 0 0.8160444004385083 0 0 0 0 0 0
0.14788012330195638 1 0 0 0.6788884864174309 0 0 0 0 0 0
0.02038221821888811 0 0 0 0.5177079099913859 0 0 0 0 0 0
0.19265399559974536 1 0 0 0.5710975558416576 0 0 0 0 0 0
0.10173844962251305 1 0 0 0.9318074310256839 0 0 0 0 0 0
0.1447238170416427 1 0 0 0.6237260372533501 0 0 0 0 0 0
0.011687840777486802 1 0 0 0.6345505461542311 0 0 0 0 0 0
0.13607169978852987 1 0 0 0.6216081898842174 0 0 0 0 0 0
0.008414009593401078 1 0 0 0.8995917721416986 0 0 0 0 0 0
0.014934979532850029 0 0 0 0.5301611998334761 0 0 0 0 0 0
0.051102503316674874 0 0 0 0.706959607733609 0 0 0 0 0 0
0.06102759283660561 1 0 0 0.8779141894284832 0 0 0 0 0 0
0.23858237988378234 0 0 0 0.8627631393285251 0 0 0 0 0 0
0.11013712791107982 1 0 0 0.9200361017432821 0 0 0 0 0 0
0.10607148505046032 1 0 0 0.8386419530121672 0 0 0 0 0 0
0.03437148989201269 0 0 0 0.882495249250363 0 0 0 0 0 0
0.10610227592290195 0 0 0 0.9446616322484018 0 0 0 0 0 0
0.1773151359011625 0 0 0 0.7698500462375848 0 0 0 0 0 0
0.09992399472936433 1 0 0 0.7278571998549633 0 0 0 0 0 0
0.1801038079007944 0 0 0 0.7666422251446114 0 0 0 0 0 0
0.03953992306808149 1 0 0 0.7216568384174371 0 0 0 0 0 0
0.23081307248777444 0 0 0 0.5271458477123523 0 0 0 0 0 0
0.0712878771269112 1 0 0 0.727454293494499 0 0 0 0 0 0
0.15307783839784936 1 0 0 0.509437102169308 0 0 0 0 0 0
0.12003992574723854 0 0 0 0.5171073891613319 0 0 0 0 0 0
0.17600299963082808 0 0 0 0.533143237794336 0 0 0 0 0 0
0.0939832085752268 1 0 0 0.7791642046960275 0 0 0 0 0 0
0.10227173667059206 1 0 0 0.9507191901949218 0 0 0 0 0 0
0.14623229146852154 1 0 0 0.9394229812187618 0 0 0 0 0 0
0.08103922364819041 0 0 0 0.6931595508747794 0 0 0 0 0 0
0.08582703982567463 1 0 0 0.6687333438718379 0 0 0 0 0 0
0.07939727997278673 1 0 0 0.633195581998834 0 0 0 0 0 0
0.058967679624912395 0 0 0 0.7204444502568541 0 0 0 0 0 0
0.008788544143801591 0 0 0 0.7723912724376822 0 0 0 0 0 0
0.01606252648925413 1 0 0 0.6071455853292349 0 0 0 0 0 0
0.18238062123825113 1 0 0 0.6463094938290461 0 0 0 0 0 0
0.10512064631976939 1 0 0 0.9200464487182666 0 0 0 0 0 0
0.13713899253185086 1 0 0 0.7342441733333627 0 0 0 0 0 0
0.032545232204736596 0 0 0 0.5883653203298649 0 0 0 0 0 0
0.021370975767436212 1 0 0 0.673262859673992 0 0 0 0 0 0
0.05510238408358187 1 0 0 0.9974932634466802 0 0 0 0 0 0
0.2313332297745233 1 0 0 0.7442206052365595 0 0 0 0 0 0
0.22201530525180493 0 0 0 0.7862609010987038 0 0 0 0 0 0
0.04316063000924569 1 0 0 0.6861437921136823 0 0 0 0 0 0
0.32239038221436256 0 0 0 0 0.945368951083313 0 0 0 0 0
0.4005555581518411 0 0 0 0 0.7452689034026581 0 0 0 0 0
0.36847108518118676 0 0 0 0 0.8480782109547556 0 0 0 0 0
0.4809023827199258 0 0 0 0 0.9736943122534159 0 0 0 0 0
0.2891757978066497 1 0 0 0 0.8895853526517241 0 0 0 0 0
0.4942192346591489 1 0 0 0 0.7407696205865479 0 0 0 0 0
0.29347087316018056 0 0 0 0 0.5230141052093568 0 0 0 0 0
0.3491267352490752 1 0 0 0 0.8666321667733021 0 0 0 0 0
0.3479291744291728 0 0 0 0 0.5280475227013883 0 0 0 0 0
0.32754747144285534 1 0 0 0 0.8453282748326312 0 0 0 0 0
0.47719385899536815 0 0 0 0 0.502850727032707 0 0 0 0 0
0.3598648091726187 0 0 0 0 0.7278584820487908 0 0 0 0 0
0.4744713276500362 1 0 0 0 0.9616251220133532 0 0 0 0 0
0.46873619896141927 1 0 0 0 0.6102245323696254 0 0 0 0 0
0.4361327224819789 0 0 0 0 0.8885373756487045 0 0 0 0 0
0.37285084111543215 1 0 0 0 0.7455693616449723 0 0 0 0 0
0.4076027988745652 1 0 0 0 0.7067408518294191 0 0 0 0 0
0.3521365204477631 0 0 0 0 0.603468020242486 0 0 0 0 0
0.32997816266904867 1 0 0 0 0.722011432643008 0 0 0 0 0
0.40230976607694946 1 0 0 0 0.5574450455749977 0 0 0 0 0
0.39650512565529156 1 0 0 0 0.6457415366925267 0 0 0 0 0
0.38418343876433475 1 0 0 0 0.601741542414546 0 0 0 0 0
0.33877253723448225 0 0 0 0 0.79225410828152 0 0 0 0 0
0.2745330736426268 1 0 0 0 0.6872090557965638 0 0 0 0 0
0.30447330392744804 0 0 0 0 0.8553646375951421 0 0 0 0 0
0.34255418854047853 0 0 0 0 0.8824590999413968 0 0 0 0 0
0.2645576360869406 0 0 0 0 0.694210909136709 0 0 0 0 0
0.4739131828103066 1 0 0 0 0.5644600654445422 0 0 0 0 0
0.30553849989101756 0 0 0 0 0.9295566267570767 0 0 0 0 0
0.3467912096677041 0 0 0 0 0.5940847381955747 0 0 0 0 0
0.40513233500941964 0 0 0 0 0.7072931901512658 0 0 0 0 0
0.46195469249066745 0 0 0 0 0.7325456218705022 0 0 0 0 0
0.28849583443712556 1 0 0 0 0.7978433028687677 0 0 0 0 0
0.43890373260617216 0 0 0 0 0.6527653241166296 0 0 0 0 0
0.38255047481422455 0 0 0 0 0.5691768549705848 0 0 0 0 0
0.4564230635801313 1 0 0 0 0.5290091592076451 0 0 0 0 0
0.4448791810890912 1 0 0 0 0.6531968085222806 0 0 0 0 0
0.3694094646910622 0 0 0 0 0.6535307172605094 0 0 0 0 0
0.2906944309269797 0 0 0 0 0.7091225423913372 0 0 0 0 0
0.46124171190850266 0 0 0 0 0.619819385399752 0 0 0 0 0
0.36790022769126063 0 0 0 0 0.6339748792087587 0 0 0 0 0
0.4046413386722175 1 0 0 0 0.9202633246033112 0 0 0 0 0
0.462832796940946 0 0 0 0 0.6366848281882963 0 0 0 0 0
0.4969838965886222 1 0 0 0 0.7965340158398857 0 0 0 0 0
0.4499511258943054 1 0 0 0 0.5642466332538331 0 0 0 0 0
0.4922574427053664 0 0 0 0 0.7966334022259769 0 0 0 0 0
0.2603771318853661 0 0 0 0 0.9522290096345769 0 0 0 0 0
0.38524342972350023 0 0 0 0 0.7801150803706556 0 0 0 0 0
0.40833344209777345 0 0 0 0 0.5373391954819333 0 0 0 0 0
0.44574015175421755 0 0 0 0 0.8807090715152546 0 0 0 0 0
0.35554698406933205 0 0 0 0 0.5216365662526109 0 0 0 0 0
0.2910117295499877 1 0 0 0 0.868714827974918 0 0 0 0 0
0.3929853501560872 1 0 0 0 0.8674311854681884 0 0 0 0 0
0.3101891167359429 0 0 0 0 0.6426512110128387 0 0 0 0 0
0.49392605358153063 1 0 0 0 0.5474294641500548 0 0 0 0 0
0.47106121784281046 0 0 0 0 0.9302705640854005 0 0 0 0 0
0.46102804226338734 0 0 0 0 0.5637582245145811 0 0 0 0 0
0.3961193332580206 1 0 0 0 0.7462214194113921 0 0 0 0 0
0.4056606665829646 0 0 0 0 0.6535201952208858 0 0 0 0 0
0.37703377611385974 0 0 0 0 0.8371610034735927 0 0 0 0 0
0.47565895945024383 0 0 0 0 0.9413020862038486 0 0 0 0 0
0.4159369511426856 1 0 0 0 0.8895677175180231 0 0 0 0 0
0.30265152883180246 0 0 0 0 0.7982206251054165 0 0 0 0 0
0.3645431139725944 1 0 0 0 0.8481222851063788 0 0 0 0 0
0.30823549091775404 0 0 0 0 0.9761392232790552 0 0 0 0 0
0.31383687375595565 0 0 0 0 0.9100344959400644 0 0 0 0 0
0.45096969679742016 1 0 0 0 0.99258241813389 0 0 0 0 0
0.4765587536511038 1 0 0 0 0.6435398506054117 0 0 0 0 0
0.2609516098000966 1 0 0 0 0.5648251220960525 0 0 0 0 0
0.27838982011126706 1 0 0 0 0.5946587032848459 0 0 0 0 0
0.29125341718539266 1 0 0 0 0.8934413694429499 0 0 0 0 0
0.3942294114451642 1 0 0 0 0.7232834851487389 0 0 0 0 0
0.27183190840863913 1 0 0 0 0.9752703836158967 0 0 0 0 0
0.41232842371704137 0 0 0 0 0.823495187732474 0 0 0 0 0
0.35770863113798096 0 0 0 0 0.9372296171772388 0 0 0 0 0
0.4607330122580747 1 0 0 0 0.5374156334777482 0 0 0 0 0
0.35246054579088915 1 0 0 0 0.8795522086335396 0 0 0 0 0
0.26921746158963117 0 0 0 0 0.8169154956024995 0 0 0 0 0
0.4330206504833312 1 0 0 0 0.7167821195855291 0 0 0 0 0
0.4743092987320279 1 0 0 0 0.7568041220743016 0 0 0 0 0
0.47594476266435315 1 0 0 0 0.5684925237767189 0 0 0 0 0
0.42380191658823224 0 0 0 0 0.8991906481702543 0 0 0 0 0
0.307607464838466 0 0 0 0 0.8494688385089179 0 0 0 0 0
0.3480140046013518 0 0 0 0 0.9537152906030468 0 0 0 0 0
0.47692422604137386 1 0 0 0 0.6270778978108409 0 0 0 0 0
0.4834120152511261 1 0 0 0 0.5822911370733874 0 0 0 0 0
0.34158806170050154 0 0 0 0 0.9958226218331608 0 0 0 0 0
0.4412067536725569 1 0 0 0 0.9840617362432112 0 0 0 0 0
0.4439490878992638 0 0 0 0 0.5731907787687209 0 0 0 0 0
0.4904152382274627 1 0 0 0 0.8971994204106575 0 0 0 0 0
0.3462759874029636 1 0 0 0 0.7403425094657923 0 0 0 0 0
0.27558145790001887 0 0 0 0 0.9545029831052252 0 0 0 0 0
0.3838390532681897 0 0 0 0 0.5720173248964846 0 0 0 0 0
0.47637863708138317 1 0 0 0 0.9651040529634624 0 0 0 0 0
0.3306501764740529 1 0 0 0 0.6738132338059717 0 0 0 0 0
0.2843563580374755 0 0 0 0 0.9510607230213383 0 0 0 0 0
0.4354743314355186 1 0 0 0 0.6027946565317079 0 0 0 0 0
0.2683847926469858 0 0 0 0 0.9717321711545137 0 0 0 0 0
0.43688415752618054 1 0 0 0 0.5190923748762613 0 0 0 0 0
0.29267543447623257 0 0 0 0 0.7187116543604198 0 0 0 0 0
0.44231010569720886 1 0 0 0 0.5987706438753952 0 0 0 0 0
0.42654003048104816 1 0 0 0 0.6219787830420433 0 0 0 0 0
0.49224638368521445 1 0 0 0 0.961457636683978 0 0 0 0 0
0.48689873835938235 0 0 0 0 0.9711410573013997 0 0 0 0 0
0.38068582901918835 0 0 0 0 0.7298538549295339 0 0 0 0 0
0.41741939397150596 1 0 0 0 0.5692238574409367 0 0 0 0 0
0.34845311557538655 1 0 0 0 0.7083654774718777 0 0 0 0 0
0.2698473347979034 1 0 0 0 0.8157809942942471 0 0 0 0 0
0.42900721076265114 0 0 0 0 0.6307235473533295 0 0 0 0 0
0.39488468833263146 0 0 0 0 0.8511007756137876 0 0 0 0 0
0.40220521758307737 1 0 0 0 0.5557114992383868 0 0 0 0 0
0.4010800209893156 1 0 0 0 0 0.6945066303106799 0 0 0 0
0.44493114222272107 1 0 0 0 0 0.648251404969499 0 0 0 0
0.3313524645937815 1 0 0 0 0 0.9620022528590739 0 0 0 0
0.28643313938197884 1 0 0 0 0 0.6100625776742923 0 0 0 0
0.27460301199611065 0 0 0 0 0 0.7636909807594647 0 0 0 0
0.46465669221673733 0 0 0 0 0 0.7433294691989083 0 0 0 0
0.41082185475758026 0 0 0 0 0 0.712669148675549 0 0 0 0
0.2905050721599197 1 0 0 0 0 0.6865471624036763 0 0 0 0
0.2688338608970742 0 0 0 0 0 0.9930091291347984 0 0 0 0
0.28231229760010385 1 0 0 0 0 0.8540912600265012 0 0 0 0
0.44148301342045576 1 0 0 0 0 0.9087415829903995 0 0 0 0
0.4456601057432853 0 0 0 0 0 0.9869478039894426 0 0 0 0
0.3603514415068598 0 0 0 0 0 0.592322101242214 0 0 0 0
0.2654078744024689 0 0 0 0 0 0.9407218197396037 0 0 0 0
0.3670433163112777 1 0 0 0 0 0.5758332256317792 0 0 0 0
0.4973328440277661 0 0 0 0 0 0.6720416716812163 0 0 0 0
0.4472059336035149 0 0 0 0 0 0.862100897591251 0 0 0 0
0.2894307378088936 1 0 0 0 0 0.7190478762442862 0 0 0 0
0.46473468510185434 1 0 0 0 0 0.9030974773240339 0 0 0 0
0.3878620606823978 0 0 0 0 0 0.5206162117336188 0 0 0 0
0.39644367102395295 0 0 0 0 0 0.5321048175101228 0 0 0 0
0.2615447478257271 1 0 0 0 0 0.5624326712992272 0 0 0 0
0.32188061231000614 1 0 0 0 0 0.5639350038458535 0 0 0 0
0.4441502326259376 1 0 0 0 0 0.6294224736353077 0 0 0 0
0.310081508370188 1 0 0 0 0 0.6684304344314201 0 0 0 0
0.3127890171402867 1 0 0 0 0 0.6506629782261272 0 0 0 0
0.391066723924242 0 0 0 0 0 0.6689481287489856 0 0 0 0
0.4120981084815102 1 0 0 0 0 0.667053876503999 0 0 0 0
0.266557166231108 0 0 0 0 0 0.8539236874984921 0 0 0 0
0.4007919177287785 1 0 0 0 0 0.8315593854301426 0 0 0 0
0.40182410325318973 0 0 0 0 0 0.6270602570158327 0 0 0 0
0.2831377205005698 1 0 0 0 0 0.5100041399179653 0 0 0 0
0.30997468246392024 1 0 0 0 0 0.5172360037622161 0 0 0 0
0.4514724004451093 0 0 0 0 0 0.541623639046618 0 0 0 0
0.2853847862126069 1 0 0 0 0 0.7907477473500563 0 0 0 0
0.4621932617120734 0 0 0 0 0 0.8566671207638259 0 0 0 0
0.424735305979292 1 0 0 0 0 0.7557215331643732 0 0 0 0
0.2884630051038942 1 0 0 0 0 0.8566665025919782 0 0 0 0
0.37155285563173485 1 0 0 0 0 0.6946001521893438 0 0 0 0
0.37293086023034927 0 0 0 0 0 0.7006325965640261 0 0 0 0
0.3091202867745467 0 0 0 0 0 0.589517875175574 0 0 0 0
0.29819153043909224 1 0 0 0 0 0.984846315306522 0 0 0 0
0.4181651140316208 1 0 0 0 0 0.9574459959866823 0 0 0 0
0.3143131554617216 1 0 0 0 0 0.8194914004103593 0 0 0 0
0.27846080410929774 0 0 0 0 0 0.5543334096345616 0 0 0 0
0.39093561793403064 0 0 0 0 0 0.5528567040745547 0 0 0 0
0.39637439526130436 0 0 0 0 0 0.6622520370828782 0 0 0 0
0.47953526584612177 1 0 0 0 0 0.6434929750948828 0 0 0 0
0.45692982559163675 0 0 0 0 0 0.7233150202954587 0 0 0 0
0.38426555578424004 1 0 0 0 0 0.8555233195532925 0 0 0 0
0.355999194817715 0 0 0 0 0 0.7403918328698721 0 0 0 0
0.4266391113184519 0 0 0 0 0 0.8490866623405171 0 0 0 0
0.3237984511699449 0 0 0 0 0 0.6197906462853428 0 0 0 0
0.3280021719426012 1 0 0 0 0 0.8282870760048666 0 0 0 0
0.463429827657573 1 0 0 0 0 0.686103230040595 0 0 0 0
0.36438619730403543 1 0 0 0 0 0.9071874628800458 0 0 0 0
0.3385196604124411 1 0 0 0 0 0.6175293102707216 0 0 0 0
0.2979884529613535 0 0 0 0 0 0.6839793521113113 0 0 0 0
0.4558460160035436 0 0 0 0 0 0.793628476091041 0 0 0 0
0.3558699969700625 0 0 0 0 0 0.7403683694052925 0 0 0 0
0.37961277719294095 1 0 0 0 0 0.6865516099944338 0 0 0 0
0.28442606452230934 1 0 0 0 0 0.9593402063649937 0 0 0 0
0.43365407578859994 0 0 0 0 0 0.5883718157169959 0 0 0 0
0.26246439442218694 0 0 0 0 0 0.54395548751015 0 0 0 0
0.3143875699579237 1 0 0 0 0 0.5531791478767412 0 0 0 0
0.4594928110058329 1 0 0 0 0 0.6117153834454547 0 0 0 0
0.307309370105179 1 0 0 0 0 0.5003096410383816 0 0 0 0
0.36859538203662745 0 0 0 0 0 0.8450806041652317 0 0 0 0
0.3979725162640181 0 0 0 0 0 0.7776323141704817 0 0 0 0
0.4502575724538389 0 0 0 0 0 0.9825191067045184 0 0 0 0
0.46595575575226755 1 0 0 0 0 0.8749331853091189 0 0 0 0
0.4673164144209877 0 0 0 0 0 0.5878140053853478 0 0 0 0
0.32835691249378773 1 0 0 0 0 0.6165236610275993 0 0 0 0
0.41106804076916537 0 0 0 0 0 0.9458317800737331 0 0 0 0
0.39906721631315456 0 0 0 0 0 0.6030591305461299 0 0 0 0
0.4243540298815185 0 0 0 0 0 0.579738296946289 0 0 0 0
0.4399013703663719 0 0 0 0 0 0.999067366031852 0 0 0 0
0.4586846956041994 1 0 0 0 0 0.5218624565546116 0 0 0 0
0.30255344373748894 0 0 0 0 0 0.7019656400785217 0 0 0 0
0.35155211876886927 0 0 0 0 0 0.7780043031953354 0 0 0 0
0.30001827978147455 0 0 0 0 0 0.5706313270119974 0 0 0 0
0.43324210460245227 1 0 0 0 0 0.7331882041332318 0 0 0 0
0.39301030379869073 1 0 0 0 0 0.7678400599820657 0 0 0 0
0.3345677726719992 0 0 0 0 0 0.9876067037590974 0 0 0 0
0.40584177137329663 0 0 0 0 0 0.968984063539029 0 0 0 0
0.2901679429734446 1 0 0 0 0 0.6911358248837769 0 0 0 0
0.4209341055909831 0 0 0 0 0 0.9415808843448766 0 0 0 0
0.28928075109891777 1 0 0 0 0 0.950983769681561 0 0 0 0
0.4221410234765971 0 0 0 0 0 0.868806134254986 0 0 0 0
0.40575373282718075 1 0 0 0 0 0.8592720589386378 0 0 0 0
0.33787808047021145 1 0 0 0 0 0.8477421696152672 0 0 0 0
0.4477832908995029 1 0 0 0 0 0.853901736824445 0 0 0 0
0.4328040739063199 0 0 0 0 0 0.6365091203894823 0 0 0 0
0.3164367774277447 1 0 0 0 0 0.7425247175503626 0 0 0 0
0.40500326913985285 1 0 0 0 0 0.8079199135176636 0 0 0 0
0.38081229882210316 0 0 0 0 0 0.5735711044230343 0 0 0 0
0.43367367400634427 1 0 0 0 0 0.9434712239055814 0 0 0 0
0.49778893004983404 1 0 0 0 0 0.5684863759839276 0 0 0 0
0.3705553733170661 0 0 0 0 0 0.6402545144393392 0 0 0 0
0.32385785280859697 0 0 0 0 0 0.8392170125469702 0 0 0 0
0.48592741165614384 0 0 0 0 0 0.7484326379660456 0 0 0 0
0.4061550942930422 1 0 0 0 0 0.7263280105414962 0 0 0 0
0.2719442935349284 0 0 0 0 0 0.7758091419602675 0 0 0 0
0.2802112066917816 1 0 0 0 0 0.5587679188048673 0 0 0 0
0.4980679151011982 0 0 0 0 0 0.7415268459081443 0 0 0 0
0.4762262320347037 1 0 0 0 0 0.8975943147359929 0 0 0 0
0.46895539864562674 0 0 0 0 0 0.5204157940041239 0 0 0 0
0.30174449065112846 0 0 0 0 0 0.7696889681575548 0 0 0 0
0.4934214645486738 0 0 0 0 0 0.7246395891211626 0 0 0 0
0.3929598319520682 0 0 0 0 0 0.9815829079052288 0 0 0 0
0.4519545981332821 1 0 0 0 0 0.7994235476083238 0 0 0 0
0.4842804861481099 1 0 0 0 0 0 0.6262820458451652 0 0 0
0.27105218470275183 0 0 0 0 0 0 0.9492046714565054 0 0 0
0.28462204519391643 0 0 0 0 0 0 0.9000415520284116 0 0 0
0.262065840245038 1 0 0 0 0 0 0.7128692039079556 0 0 0
0.3945987573869061 1 0 0 0 0 0 0.9831916149433874 0 0 0
0.4372738302645977 1 0 0 0 0 0 0.7740290744401367 0 0 0
0.45370472019288827 0 0 0 0 0 0 0.6228225696626419 0 0 0
0.2632469119752045 1 0 0 0 0 0 0.8922425931530565 0 0 0
0.47348318193456784 0 0 0 0 0 0 0.9012392106019926 0 0 0
0.3416377856045474 0 0 0 0 0 0 0.8760272442535092 0 0 0
0.36217429337722884 0 0 0 0 0 0 0.8431298224650389 0 0 0
0.2980279932746609 0 0 0 0 0 0 0.8806712037101182 0 0 0
0.3926536253168007 0 0 0 0 0 0 0.7780678644501138 0 0 0
0.4510293530511975 1 0 0 0 0 0 0.6811563207840354 0 0 0
0.49497844942968594 1 0 0 0 0 0 0.842850715097692 0 0 0
0.4353100290945694 0 0 0 0 0 0 0.9326393086954088 0 0 0
0.3801061459480356 0 0 0 0 0 0 0.5096374696536835 0 0 0
0.3282877206770626 0 0 0 0 0 0 0.9408122763751381 0 0 0
0.39934308663629514 0 0 0 0 0 0 0.7440173127898542 0 0 0
0.4269895103697753 1 0 0 0 0 0 0.5662442383925648 0 0 0
0.46641009318250815 0 0 0 0 0 0 0.8392901076729835 0 0 0
0.368013248297069 1 0 0 0 0 0 0.5036961789003404 0 0 0
0.4469919288157884 0 0 0 0 0 0 0.9920407793595902 0 0 0
0.39434149770645044 0 0 0 0 0 0 0.6663138550314152 0 0 0
0.34822463746410603 1 0 0 0 0 0 0.6070479430013596 0 0 0
0.35302265553625695 1 0 0 0 0 0 0.5911892910717103 0 0 0
0.4901822131785293 0 0 0 0 0 0 0.9925919830549864 0 0 0
0.3623298292153391 1 0 0 0 0 0 0.9601090774368599 0 0 0
0.2623411129260863 0 0 0 0 0 0 0.6061473089164782 0 0 0
0.26666586695455763 0 0 0 0 0 0 0.8230698179929876 0 0 0
0.44913674785937263 1 0 0 0 0 0 0.5440571392591413 0 0 0
0.316476516145863 1 0 0 0 0 0 0.8754311546917135 0 0 0
0.34876366252601354 1 0 0 0 0 0 0.9954504788126906 0 0 0
0.3083335724767081 0 0 0 0 0 0 0.6492822861488845 0 0 0
0.2889977917365478 0 0 0 0 0 0 0.6549748293994655 0 0 0
0.4468712123316831 0 0 0 0 0 0 0.6931381997324659 0 0 0
0.30592283206013865 1 0 0 0 0 0 0.6676684078996509 0 0 0
0.4180189020443502 1 0 0 0 0 0 0.7403132153803886 0 0 0
0.35620988786595487 0 0 0 0 0 0 0.854434479269387 0 0 0
0.47199980072525993 1 0 0 0 0 0 0.8486281511969422 0 0 0
0.4069517275098631 1 0 0 0 0 0 0.6490472514170506 0 0 0
0.38599781619585777 0 0 0 0 0 0 0.8946122454949332 0 0 0
0.4187835682618327 0 0 0 0 0 0 0.5706667018543548 0 0 0
0.2789707075661952 0 0 0 0 0 0 0.8664646095219279 0 0 0
0.3402648944868746 1 0 0 0 0 0 0.6460611238889605 0 0 0
0.2678575045635095 1 0 0 0 0 0 0.8180188791224744 0 0 0
0.3563143126453677 1 0 0 0 0 0 0.8103864407666777 0 0 0
0.411229649973424 1 0 0 0 0 0 0.9308100853445389 0 0 0
0.2726434150333038 0 0 0 0 0 0 0.7521855854639212 0 0 0
0.35778721116711976 1 0 0 0 0 0 0.6477785142701816 0 0 0
0.3269048908696924 1 0 0 0 0 0 0.591687597026689 0 0 0
0.4986505219555788 0 0 0 0 0 0 0.6423975084463323 0 0 0
0.3264750980380631 1 0 0 0 0 0 0.9130211108362252 0 0 0
0.4837077180262065 0 0 0 0 0 0 0.5775016763146397 0 0 0
0.2791700901715989 0 0 0 0 0 0 0.8264799361007364 0 0 0
0.30867186907555866 1 0 0 0 0 0 0.7050622573598777 0 0 0
0.4284840616941507 1 0 0 0 0 0 0.7715766394098651 0 0 0
0.3606673217605701 0 0 0 0 0 0 0.5089783502626866 0 0 0
0.4213004491452067 0 0 0 0 0 0 0.9424005896856801 0 0 0
0.3652169062307052 1 0 0 0 0 0 0.8018720492079738 0 0 0
0.48058989764340926 1 0 0 0 0 0 0.6825220743386959 0 0 0
0.29397751549174117 1 0 0 0 0 0 0.8871663587508595 0 0 0
0.46043631639887445 1 0 0 0 0 0 0.826950672375226 0 0 0
0.37520034209860387 0 0 0 0 0 0 0.7883886482055154 0 0 0
0.2937693102954951 1 0 0 0 0 0 0.8552252202726467 0 0 0
0.36823948896681846 1 0 0 0 0 0 0.7525139334409968 0 0 0
0.3546185224876623 0 0 0 0 0 0 0.913627229452949 0 0 0
0.4563196519428045 0 0 0 0 0 0 0.9092448389325953 0 0 0
0.48874115332306056 1 0 0 0 0 0 0.8796105329133579 0 0 0
0.3000221609556491 0 0 0 0 0 0 0.782116086021923 0 0 0
0.47212726491940865 0 0 0 0 0 0 0.5741282891196351 0 0 0
0.35975255220298596 1 0 0 0 0 0 0.5691013070906793 0 0 0
0.31320691736656375 1 0 0 0 0 0 0.7563968963636621 0 0 0
0.3068410822393016 1 0 0 0 0 0 0.8996567416560856 0 0 0
0.39906107454277284 0 0 0 0 0 0 0.5672373317507362 0 0 0
0.4685543719828374 1 0 0 0 0 0 0.7626103571829963 0 0 0
0.4877225284066976 0 0 0 0 0 0 0.9720653257903875 0 0 0
0.3195414880946594 0 0 0 0 0 0 0.7190361809175091 0 0 0
0.36658503712556495 0 0 0 0 0 0 0.5308702601998727 0 0 0
0.27386627535240776 0 0 0 0 0 0 0.809055162487043 0 0 0
0.3808895213700343 0 0 0 0 0 0 0.6294772364395179 0 0 0
0.4049818127291849 0 0 0 0 0 0 0.9656854935741077 0 0 0
0.3807626477318302 0 0 0 0 0 0 0.7560633276261373 0 0 0
0.40287397701178007 0 0 0 0 0 0 0.5530325670958226 0 0 0
0.4424156291902767 1 0 0 0 0 0 0.6057049798111895 0 0 0
0.3203970671776415 0 0 0 0 0 0 0.855965533737687 0 0 0
0.2772997429296896 0 0 0 0 0 0 0.6161173028864209 0 0 0
0.39199627484538746 1 0 0 0 0 0 0.5934971376111235 0 0 0
0.4154461044129051 1 0 0 0 0 0 0.7534307900823243 0 0 0
0.38642804841788536 0 0 0 0 0 0 0.8780272666162714 0 0 0
0.39874922511088706 0 0 0 0 0 0 0.671416213005846 0 0 0
0.4069153284221634 0 0 0 0 0 0 0.9201209142249465 0 0 0
0.4079375999584791 1 0 0 0 0 0 0.5443491266703335 0 0 0
0.33997076373083757 1 0 0 0 0 0 0.606722360650177 0 0 0
0.37820998927275296 0 0 0 0 0 0 0.612279057488877 0 0 0
0.3287365579240603 1 0 0 0 0 0 0.621478976610149 0 0 0
0.4036181621794327 1 0 0 0 0 0 0.6255033226112148 0 0 0
0.3285739703128422 1 0 0 0 0 0 0.9190311697221158 0 0 0
0.45959455315053055 1 0 0 0 0 0 0.7952748320702812 0 0 0
0.29535479109759666 1 0 0 0 0 0 0.5136471280313357 0 0 0
0.4828366041974421 0 0 0 0 0 0 0.8593183758480005 0 0 0
0.4807602062336895 0 0 0 0 0 0 0.6685178084608707 0 0 0
0.4508169533049477 1 0 0 0 0 0 0.7377738155635609 0 0 0
0.37118437243570157 0 0 0 0 0 0 0.8350793780770895 0 0 0
0.3017547199990577 1 0 0 0 0 0 0.81432569139137 0 0 0
0.4600927506607901 0 0 0 0 0 0 0.8657864249990758 0 0 0
0.34123413617411563 1 0 0 0 0 0 0.6534345911717399 0 0 0
0.4534306980322256 1 0 0 0 0 0 0.6833181995441835 0 0 0
0.49530656272036755 1 0 0 0 0 0 0.8179173667572465 0 0 0
0.45983963767091096 0 0 0 0 0 0 0.5381851847028549 0 0 0
0.44679030916346535 1 0 0 0 0 0 0.6631094052633748 0 0 0
0.5755447184794777 1 0 0 0 0 0 0 0.6360014746684599 0 0
0.9648812401146492 0 0 0 0 0 0 0 0.5704406253882588 0 0
0.8338312692796913 0 0 0 0 0 0 0 0.7817989346995772 0 0
0.7637095834750038 1 0 0 0 0 0 0 0.620220731075318 0 0
0.5387961299721845 1 0 0 0 0 0 0 0.7051288976540588 0 0
0.6710727476376865 1 0 0 0 0 0 0 0.7198443109821498 0 0
0.5960234006090279 1 0 0 0 0 0 0 0.9661409678766184 0 0
0.6755462346109845 1 0 0 0 0 0 0 0.5053956890116367 0 0
0.5884654205596485 0 0 0 0 0 0 0 0.7895144547465522 0 0
0.7345535413121713 0 0 0 0 0 0 0 0.6666705112664825 0 0
0.5868663565227504 1 0 0 0 0 0 0 0.5797921827802768 0 0
0.5993433459730677 0 0 0 0 0 0 0 0.8644526810490489 0 0
0.5462461861418824 1 0 0 0 0 0 0 0.5091110808548709 0 0
0.9744512211458366 0 0 0 0 0 0 0 0.5406984734397235 0 0
0.5855172402491186 1 0 0 0 0 0 0 0.6241031724650553 0 0
0.9956040291993364 1 0 0 0 0 0 0 0.7620028795658076 0 0
0.6919537046615641 0 0 0 0 0 0 0 0.5225955384921726 0 0
0.7595498152793905 1 0 0 0 0 0 0 0.7790484927819157 0 0
0.5342159198090884 0 0 0 0 0 0 0 0.9410542705438469 0 0
0.5827646350294458 1 0 0 0 0 0 0 0.9705505920837103 0 0
0.8431052256421124 1 0 0 0 0 0 0 0.5223201221714933 0 0
0.633158604396435 1 0 0 0 0 0 0 0.7812813404898279 0 0
0.6691320206967369 1 0 0 0 0 0 0 0.603148038203821 0 0
0.5412034682817456 0 0 0 0 0 0 0 0.6260801908129221 0 0
0.7678328161088854 1 0 0 0 0 0 0 0.8159666521814681 0 0
0.837181819686948 1 0 0 0 0 0 0 0.7738256300375668 0 0
0.959396889606692 0 0 0 0 0 0 0 0.8690350840671116 0 0
0.578171407662706 0 0 0 0 0 0 0 0.6325375887707443 0 0
0.9391906775699634 0 0 0 0 0 0 0 0.8070164426571236 0 0
0.5756264444511965 1 0 0 0 0 0 0 0.5185117148585325 0 0
0.5941212611783038 1 0 0 0 0 0 0 0.9361278567448893 0 0
0.8946362402613615 0 0 0 0 0 0 0 0.9543398051042693 0 0
0.9736262211237376 0 0 0 0 0 0 0 0.8650164790829411 0 0
0.8554501297448733 0 0 0 0 0 0 0 0.8530485701704833 0 0
0.6714032320402492 1 0 0 0 0 0 0 0.7131627265909445 0 0
0.8878726247703825 0 0 0 0 0 0 0 0.5817513998741826 0 0
0.9537323814747399 1 0 0 0 0 0 0 0.8711031493933813 0 0
0.7334310438156191 0 0 0 0 0 0 0 0.8464835467210506 0 0
0.6096760617139565 1 0 0 0 0 0 0 0.966022467661529 0 0
0.9211832779937265 0 0 0 0 0 0 0 0.8531298067688358 0 0
0.964690729736471 0 0 0 0 0 0 0 0.8798680959558162 0 0
0.8190430396144497 0 0 0 0 0 0 0 0.9745684678385711 0 0
0.8323406605396746 1 0 0 0 0 0 0 0.5161111680558057 0 0
0.8961143235197724 0 0 0 0 0 0 0 0.6082478049897488 0 0
0.754993957515611 0 0 0 0 0 0 0 0.694598266251563 0 0
0.7487529046159672 1 0 0 0 0 0 0 0.8730852283556321 0 0
0.78295987265053 0 0 0 0 0 0 0 0.6040600542301169 0 0
0.8560869956677838 0 0 0 0 0 0 0 0.7071854100335093 0 0
0.6590739315174164 1 0 0 0 0 0 0 0.6575189896301331 0 0
0.7472739267825431 0 0 0 0 0 0 0 0.8021992804976618 0 0
0.8858409216081713 0 0 0 0 0 0 0 0.9774005969785002 0 0
0.9643027085002855 1 0 0 0 0 0 0 0.9133625570692001 0 0
0.8931583842269477 1 0 0 0 0 0 0 0.6989462028677809 0 0
0.6408366938062694 0 0 0 0 0 0 0 0.5635814948416471 0 0
0.7826417215279892 1 0 0 0 0 0 0 0.9409356315167944 0 0
0.8654735344521483 0 0 0 0 0 0 0 0.5451071106889314 0 0
0.8247070009265114 0 0 0 0 0 0 0 0.5261743016428503 0 0
0.7548692504233998 1 0 0 0 0 0 0 0.8836256736973859 0 0
0.8305746181596814 1 0 0 0 0 0 0 0.6434692728765037 0 0
0.9492615675200843 0 0 0 0 0 0 0 0.8369700243051847 0 0
0.7720992852042446 0 0 0 0 0 0 0 0.6128830053322796 0 0
0.6334965081042362 0 0 0 0 0 0 0 0.8496313374162576 0 0
0.6809601134210241 0 0 0 0 0 0 0 0.525055418170028 0 0
0.9572466606019262 0 0 0 0 0 0 0 0.9659058746547979 0 0
0.7816979338311776 1 0 0 0 0 0 0 0.9006914278235285 0 0
0.8079899269400259 0 0 0 0 0 0 0 0.8896000079581419 0 0
0.6199457166985086 1 0 0 0 0 0 0 0.8520524047806106 0 0
0.709190079666345 1 0 0 0 0 0 0 0.7649908246151262 0 0
0.6376409583272347 0 0 0 0 0 0 0 0.71520179658794 0 0
0.5998038112239007 0 0 0 0 0 0 0 0.9116483195696912 0 0
0.8562466270636646 0 0 0 0 0 0 0 0.528044717292216 0 0
0.9851435437868996 1 0 0 0 0 0 0 0.610285742443835 0 0
0.9680271013767623 1 0 0 0 0 0 0 0.6949650762706087 0 0
0.6599043270997305 1 0 0 0 0 0 0 0.8170913928504345 0 0
0.9138034626568787 0 0 0 0 0 0 0 0.7626215826418876 0 0
0.5136218325868277 1 0 0 0 0 0 0 0.9690765322098664 0 0
0.9665476827285068 1 0 0 0 0 0 0 0.7904589977580554 0 0
0.5378673675013216 1 0 0 0 0 0 0 0.5471124130424119 0 0
0.8542855284715162 0 0 0 0 0 0 0 0.9896474021634367 0 0
0.854906760212806 0 0 0 0 0 0 0 0.7702411887607855 0 0
0.6532460081630663 0 0 0 0 0 0 0 0.9948699209237832 0 0
0.5530123063875851 1 0 0 0 0 0 0 0.9631315207720549 0 0
0.9230805875044785 1 0 0 0 0 0 0 0.8541917197697977 0 0
0.9385883868541738 0 0 0 0 0 0 0 0.8825959810968086 0 0
0.6113282073725229 0 0 0 0 0 0 0 0.8638336916147678 0 0
0.8300561092721092 0 0 0 0 0 0 0 0.671188223633257 0 0
0.7091083369205093 0 0 0 0 0 0 0 0.7756358749203013 0 0
0.6980645853930735 1 0 0 0 0 0 0 0.7984225999535042 0 0
0.7677582984301015 0 0 0 0 0 0 0 0.853151034559891 0 0
0.8670468769746438 0 0 0 0 0 0 0 0.897488589784245 0 0
0.6049099467872208 0 0 0 0 0 0 0 0.9434991375223623 0 0
0.7072966469606252 1 0 0 0 0 0 0 0.6850731300420689 0 0
0.5346638919753541 1 0 0 0 0 0 0 0.6603764625476982 0 0
0.9307944588363783 1 0 0 0 0 0 0 0.9443828315455365 0 0
0.6492194856330112 0 0 0 0 0 0 0 0.9128539154670439 0 0
0.7590532646089159 1 0 0 0 0 0 0 0.8721803245549833 0 0
0.9972348819228334 1 0 0 0 0 0 0 0.6707990577347226 0 0
0.6349745400808422 1 0 0 0 0 0 0 0.6959215597882702 0 0
0.5699192031150717 1 0 0 0 0 0 0 0.7362919639610152 0 0
0.7888567747054633 0 0 0 0 0 0 0 0.9057603239454179 0 0
0.6288855182985548 0 0 0 0 0 0 0 0.9967805760257156 0 0
0.818769640115422 1 0 0 0 0 0 0 0.6087247048142801 0 0
0.8362171429455614 0 0 0 0 0 0 0 0.7885789276014654 0 0
0.8408189975685851 1 0 0 0 0 0 0 0.6443800994022651 0 0
0.5973229178569526 0 0 0 0 0 0 0 0.9351527853725716 0 0
0.9049274245139338 1 0 0 0 0 0 0 0.6663228994614783 0 0
0.8195349103020134 1 0 0 0 0 0 0 0.7125149287981338 0 0
0.6769707808252081 1 0 0 0 0 0 0 0.7965591330896997 0 0
0.5302096350447792 1 0 0 0 0 0 0 0.8614908203599851 0 0
0.9683658929950061 0 0 0 0 0 0 0 0.6368299743773879 0 0
0.5841052195661841 0 0 0 0 0 0 0 0.767697267183443 0 0
0.9642399676121911 0 0 0 0 0 0 0 0 0.8325349403811431 0
0.6632225627206284 1 0 0 0 0 0 0 0 0.9952520967802009 0
0.8981865765138675 1 0 0 0 0 0 0 0 0.6842513191391544 0
0.5813837588643938 1 0 0 0 0 0 0 0 0.7498450272331381 0
0.711779982201022 0 0 0 0 0 0 0 0 0.8310379063949282 0
0.8667976834666009 1 0 0 0 0 0 0 0 0.8623407466576336 0
0.6825959182309934 0 0 0 0 0 0 0 0 0.7434649772372135 0
0.6301189173419608 0 0 0 0 0 0 0 0 0.8467311350953912 0
0.8787641243326684 1 0 0 0 0 0 0 0 0.727570680289468 0
0.9359394579482554 1 0 0 0 0 0 0 0 0.5209548356625338 0
0.7798644482637819 1 0 0 0 0 0 0 0 0.5447930724702185 0
0.960874835430366 0 0 0 0 0 0 0 0 0.7303782616802406 0
0.8780595657948987 0 0 0 0 0 0 0 0 0.5713022073960159 0
0.8052215092193824 0 0 0 0 0 0 0 0 0.8531892334963733 0
0.6894855881897671 1 0 0 0 0 0 0 0 0.8224447411593652 0
0.6368954073563858 0 0 0 0 0 0 0 0 0.6866095521139588 0
0.9026212234590791 1 0 0 0 0 0 0 0 0.5957870661593825 0
0.8233520281139428 1 0 0 0 0 0 0 0 0.7983312416110067 0
0.53680576692107 1 0 0 0 0 0 0 0 0.9145517294491006 0
0.7299517655097904 0 0 0 0 0 0 0 0 0.9427490543348374 0
0.9968003737059687 1 0 0 0 0 0 0 0 0.9826852358712352 0
0.5629387695398808 0 0 0 0 0 0 0 0 0.6705199931505094 0
0.8464676955468622 1 0 0 0 0 0 0 0 0.8125472355348815 0
0.8259556892402689 1 0 0 0 0 0 0 0 0.5921410228615809 0
0.8838570022442207 0 0 0 0 0 0 0 0 0.8650513457285194 0
0.8297442755257818 1 0 0 0 0 0 0 0 0.8898083804997383 0
0.9834029683590444 0 0 0 0 0 0 0 0 0.7467374055661178 0
0.7638434530790147 1 0 0 0 0 0 0 0 0.5477150018187313 0
0.8472756085466997 0 0 0 0 0 0 0 0 0.777941799777029 0
0.6519130039358975 0 0 0 0 0 0 0 0 0.7959182742910552 0
0.5167405008776133 1 0 0 0 0 0 0 0 0.9681099539501594 0
0.6602706307020667 0 0 0 0 0 0 0 0 0.552906257933613 0
0.7818776331338055 0 0 0 0 0 0 0 0 0.6428174389590617 0
0.6734999023808901 1 0 0 0 0 0 0 0 0.7996883421532913 0
0.9886174335131315 1 0 0 0 0 0 0 0 0.6909188311980835 0
0.9362705255971618 0 0 0 0 0 0 0 0 0.6297618848318665 0
0.7588529753949664 1 0 0 0 0 0 0 0 0.9757118116783925 0
0.6187972784606077 1 0 0 0 0 0 0 0 0.5070899205886319 0
0.5790872087300745 0 0 0 0 0 0 0 0 0.8545791274480888 0
0.7446586896628581 1 0 0 0 0 0 0 0 0.9696015310277928 0
0.7364676807733049 0 0 0 0 0 0 0 0 0.6089573122599676 0
0.8196235722434566 0 0 0 0 0 0 0 0 0.5241941885586063 0
0.7998875056253961 0 0 0 0 0 0 0 0 0.8587421671440716 0
0.9031899449434755 1 0 0 0 0 0 0 0 0.7841202430293985 0
0.8718295051185871 0 0 0 0 0 0 0 0 0.548652345288805 0
0.7702399429692268 1 0 0 0 0 0 0 0 0.8987069408979251 0
0.5525997739300912 0 0 0 0 0 0 0 0 0.8322632884523531 0
0.7356625570877856 1 0 0 0 0 0 0 0 0.8804962542356289 0
0.6348992043134418 1 0 0 0 0 0 0 0 0.5162712118890489 0
0.664242915942682 1 0 0 0 0 0 0 0 0.5759681795054361 0
0.5170502134258123 1 0 0 0 0 0 0 0 0.600055308824845 0
0.5575232662615072 0 0 0 0 0 0 0 0 0.7816949405203009 0
0.9112614557723075 0 0 0 0 0 0 0 0 0.6317255708446852 0
0.6275748969982322 0 0 0 0 0 0 0 0 0.5680992890407943 0
0.9675172751120523 1 0 0 0 0 0 0 0 0.8814261174035963 0
0.6438143537951653 1 0 0 0 0 0 0 0 0.5208229180245207 0
0.6366758771833054 0 0 0 0 0 0 0 0 0.9110164187880196 0
0.7318749236001848 0 0 0 0 0 0 0 0 0.5232602681689742 0
0.6432319825767095 1 0 0 0 0 0 0 0 0.8513001046939901 0
0.6769165681927601 0 0 0 0 0 0 0 0 0.5511637648667995 0
0.7740054131728459 0 0 0 0 0 0 0 0 0.6678873380614834 0
0.8965639592899808 1 0 0 0 0 0 0 0 0.6936353527897166 0
0.8364639328357071 1 0 0 0 0 0 0 0 0.8911802330787345 0
0.9121274089648866 1 0 0 0 0 0 0 0 0.6758795426592425 0
0.700069976357365 1 0 0 0 0 0 0 0 0.687886702627901 0
0.8541452714010491 1 0 0 0 0 0 0 0 0.7597184455055781 0
0.7796866307741777 0 0 0 0 0 0 0 0 0.5468826237815708 0
0.5999849592987272 0 0 0 0 0 0 0 0 0.8442321125851048 0
0.6523752557033936 0 0 0 0 0 0 0 0 0.6401166126782365 0
0.5440414506871035 0 0 0 0 0 0 0 0 0.5529447377214184 0
0.5751811053933266 1 0 0 0 0 0 0 0 0.6696278971678525 0
0.534238164885347 1 0 0 0 0 0 0 0 0.9031511381486055 0
0.5481715887143765 1 0 0 0 0 0 0 0 0.6611961526996917 0
0.7835855339201497 0 0 0 0 0 0 0 0 0.906683338161351 0
0.5716292295642263 1 0 0 0 0 0 0 0 0.810444281456165 0
0.5138753675676336 0 0 0 0 0 0 0 0 0.6151571849075357 0
0.7016543718718431 1 0 0 0 0 0 0 0 0.7274967068685181 0
0.5205090011734849 1 0 0 0 0 0 0 0 0.8401166047232864 0
0.9416795477448994 1 0 0 0 0 0 0 0 0.8526236230954868 0
0.8973202644952618 1 0 0 0 0 0 0 0 0.5743800469849303 0
0.9396701837146668 0 0 0 0 0 0 0 0 0.7904893321927162 0
0.5103857052009423 0 0 0 0 0 0 0 0 0.5030228691817428 0
0.7349608745169929 1 0 0 0 0 0 0 0 0.9115394625653976 0
0.9738950711052758 1 0 0 0 0 0 0 0 0.9379552762490984 0
0.8725102876853558 0 0 0 0 0 0 0 0 0.9801238853553853 0
0.7533783253916961 0 0 0 0 0 0 0 0 0.7304413663859328 0
0.8830098138858775 1 0 0 0 0 0 0 0 0.597642103522928 0
0.8476862440256001 0 0 0 0 0 0 0 0 0.5471603145902039 0
0.6196850673125739 1 0 0 0 0 0 0 0 0.7165285781305983 0
0.791151101357269 0 0 0 0 0 0 0 0 0.7819623622340502 0
0.7046498248868017 1 0 0 0 0 0 0 0 0.7931787094102671 0
0.844414279200169 0 0 0 0 0 0 0 0 0.6233521615917481 0
0.8323073432951298 1 0 0 0 0 0 0 0 0.5953505295587845 0
0.8819575583776758 0 0 0 0 0 0 0 0 0.6099710751565629 0
0.882446452267531 1 0 0 0 0 0 0 0 0.9520281759738233 0
0.611281925222033 1 0 0 0 0 0 0 0 0.8150293845073405 0
0.6851102395013429 1 0 0 0 0 0 0 0 0.9638018482119989 0
0.6713026250298705 1 0 0 0 0 0 0 0 0.8100369982221137 0
0.8426576410205413 1 0 0 0 0 0 0 0 0.8877086232686313 0
0.7079674082289228 1 0 0 0 0 0 0 0 0.8308867639878506 0
0.8203393603248619 0 0 0 0 0 0 0 0 0.5215464029872201 0
0.6168412307680693 1 0 0 0 0 0 0 0 0.7113420786503142 0
0.6547678793951673 0 0 0 0 0 0 0 0 0.9496115182473377 0
0.5907752096505696 1 0 0 0 0 0 0 0 0.752506890506881 0
0.779236237291046 1 0 0 0 0 0 0 0 0.8656146153228121 0
0.7833671089389362 0 0 0 0 0 0 0 0 0.8617427838972738 0
0.9999876366437561 0 0 0 0 0 0 0 0 0.7350532738918347 0
0.7944327824159815 1 0 0 0 0 0 0 0 0.9717769422390374 0
0.888470664086409 0 0 0 0 0 0 0 0 0.5630709502615104 0
0.988066851760053 0 0 0 0 0 0 0 0 0.5834023714439585 0
0.9601707115776956 0 0 0 0 0 0 0 0 0.9482327863086821 0
0.8494282273253169 0 0 0 0 0 0 0 0 0 0.7198247990269173
0.9334450097103775 0 0 0 0 0 0 0 0 0 0.5494755885257704
0.9325644526959445 0 0 0 0 0 0 0 0 0 0.8402731917995833
0.8106909193209648 1 0 0 0 0 0 0 0 0 0.9233921546206312
0.9191653331190284 0 0 0 0 0 0 0 0 0 0.5597681745856213
0.6753197816227774 0 0 0 0 0 0 0 0 0 0.5183216806660735
0.5594145898347029 0 0 0 0 0 0 0 0 0 0.7106286890998683
0.6931128993283864 0 0 0 0 0 0 0 0 0 0.7855660968933302
0.9677499861628742 1 0 0 0 0 0 0 0 0 0.7708567312241376
0.5396867759697452 1 0 0 0 0 0 0 0 0 0.5618892874904126
0.67198339254617 1 0 0 0 0 0 0 0 0 0.8370003714578886
0.7483515142402727 1 0 0 0 0 0 0 0 0 0.628340961702057
0.6430926820470277 1 0 0 0 0 0 0 0 0 0.9170385354586039
0.9566741703526805 0 0 0 0 0 0 0 0 0 0.7712414233233663
0.7272620100943724 0 0 0 0 0 0 0 0 0 0.8415764590999972
0.9622715739937422 0 0 0 0 0 0 0 0 0 0.6311137148147015
0.89201128811898 0 0 0 0 0 0 0 0 0 0.9041430207257648
0.7525860458697782 1 0 0 0 0 0 0 0 0 0.5325250689799359
0.7614087311936675 0 0 0 0 0 0 0 0 0 0.5156725930488963
0.986634464925493 1 0 0 0 0 0 0 0 0 0.9309710809971806
0.7825155070052314 0 0 0 0 0 0 0 0 0 0.8359788404778479
0.7224365186538956 0 0 0 0 0 0 0 0 0 0.5945876966245826
0.6456594736873646 1 0 0 0 0 0 0 0 0 0.5358375575647907
0.8079451253487346 1 0 0 0 0 0 0 0 0 0.6844241070274577
0.93484180765825 1 0 0 0 0 0 0 0 0 0.8413245687539268
0.6105788968665964 0 0 0 0 0 0 0 0 0 0.7185445289581431
0.5979590360329159 1 0 0 0 0 0 0 0 0 0.5706873539577402
0.9630988522096242 0 0 0 0 0 0 0 0 0 0.8266217856780047
0.5154973606346126 0 0 0 0 0 0 0 0 0 0.7199446290297797
0.9402791117757142 1 0 0 0 0 0 0 0 0 0.5289464879673389
0.7737797250462521 0 0 0 0 0 0 0 0 0 0.6579806900618306
0.7439746288732205 0 0 0 0 0 0 0 0 0 0.5524710362356411
0.9724348655070745 1 0 0 0 0 0 0 0 0 0.7542563685638655
0.6307490613662853 1 0 0 0 0 0 0 0 0 0.6817974941000855
0.7834974969995964 0 0 0 0 0 0 0 0 0 0.9096790450907627
0.8937511374206891 0 0 0 0 0 0 0 0 0 0.9175773238292597
0.8917741120615329 0 0 0 0 0 0 0 0 0 0.682869953284125
0.6714064958534804 1 0 0 0 0 0 0 0 0 0.5988854441843443
0.8907130578519133 0 0 0 0 0 0 0 0 0 0.7454797885505896
0.6381103548000249 0 0 0 0 0 0 0 0 0 0.9673057315969383
0.6848055169470453 1 0 0 0 0 0 0 0 0 0.6544110162730867
0.5707349187637893 0 0 0 0 0 0 0 0 0 0.9606375966950049
0.9622408792417958 0 0 0 0 0 0 0 0 0 0.9572213313814041
0.9913720336525094 1 0 0 0 0 0 0 0 0 0.684747438302207
0.9391269594938474 1 0 0 0 0 0 0 0 0 0.9695275293984299
0.9070440348743493 0 0 0 0 0 0 0 0 0 0.9937881535891571
0.8680081700425113 0 0 0 0 0 0 0 0 0 0.7614002657241178
0.6530920671154667 0 0 0 0 0 0 0 0 0 0.5962441222551258
0.6185841372667399 1 0 0 0 0 0 0 0 0 0.5524711441498911
0.6836213675066498 0 0 0 0 0 0 0 0 0 0.6889607808762639
0.8961312956178564 1 0 0 0 0 0 0 0 0 0.9408781145475342
0.5984027645721891 0 0 0 0 0 0 0 0 0 0.6976951670964946
0.5874164153502315 1 0 0 0 0 0 0 0 0 0.770273655088765
0.9500017070789974 0 0 0 0 0 0 0 0 0 0.9516156386638708
0.6995907278353891 1 0 0 0 0 0 0 0 0 0.7252221325044952
0.7818099019518923 0 0 0 0 0 0 0 0 0 0.7387525338452333
0.631463656159536 1 0 0 0 0 0 0 0 0 0.6829339121048865
0.6043435261392912 0 0 0 0 0 0 0 0 0 0.5147950000596389
0.6951086682074307 0 0 0 0 0 0 0 0 0 0.7707581104560197
0.8246692214924605 0 0 0 0 0 0 0 0 0 0.6082565555892803
0.8517180255211414 1 0 0 0 0 0 0 0 0 0.6233181280484589
0.7397466013293619 0 0 0 0 0 0 0 0 0 0.5621399607065074
0.8548448237836228 0 0 0 0 0 0 0 0 0 0.841306099945213
0.7580494895897093 0 0 0 0 0 0 0 0 0 0.5171106969131499
0.5523330706420806 1 0 0 0 0 0 0 0 0 0.8541866965107946
0.5869575417466375 0 0 0 0 0 0 0 0 0 0.8802043201000546
0.7989186222861395 1 0 0 0 0 0 0 0 0 0.9229623157520044
0.9790069053561572 1 0 0 0 0 0 0 0 0 0.6158137132451773
0.7767538733893529 1 0 0 0 0 0 0 0 0 0.8533822693938768
0.9030775415748985 1 0 0 0 0 0 0 0 0 0.6943057125897023
0.6771538135076197 0 0 0 0 0 0 0 0 0 0.7727852411909512
0.618451951027493 1 0 0 0 0 0 0 0 0 0.8501629187173521
0.7435766678059007 0 0 0 0 0 0 0 0 0 0.5758433701888641
0.8243474917442145 0 0 0 0 0 0 0 0 0 0.7464111491184241
0.8312383032544417 0 0 0 0 0 0 0 0 0 0.5930262849557971
0.6589069395663215 1 0 0 0 0 0 0 0 0 0.6694257030691013
0.9830742211670807 1 0 0 0 0 0 0 0 0 0.5953909520828593
0.7104190816098733 0 0 0 0 0 0 0 0 0 0.5236870245246172
0.8818715737760294 1 0 0 0 0 0 0 0 0 0.6424753975438259
0.5427513504789443 0 0 0 0 0 0 0 0 0 0.7040185188903729
0.7845637092478772 0 0 0 0 0 0 0 0 0 0.7494889661512419
0.8311396523742576 1 0 0 0 0 0 0 0 0 0.5367477468989416
0.7018585188301223 1 0 0 0 0 0 0 0 0 0.6537456516979129
0.5641675936653725 0 0 0 0 0 0 0 0 0 0.5562809277149687
0.601913099322158 0 0 0 0 0 0 0 0 0 0.669574916582437
0.7899677646364859 0 0 0 0 0 0 0 0 0 0.9043389349875952
0.8838866032619472 0 0 0 0 0 0 0 0 0 0.5179708308861282
0.5657757831187357 0 0 0 0 0 0 0 0 0 0.56580095805867
0.5805760580381842 1 0 0 0 0 0 0 0 0 0.6474937227059467
0.6523593853678499 0 0 0 0 0 0 0 0 0 0.5894277982405901
0.8549295897666677 1 0 0 0 0 0 0 0 0 0.810141848621901
0.8445510464576591 0 0 0 0 0 0 0 0 0 0.7913990645432759
0.7646107294087175 1 0 0 0 0 0 0 0 0 0.936045250583682
0.7768483898520367 1 0 0 0 0 0 0 0 0 0.6074498965112984
0.8388160627526312 1 0 0 0 0 0 0 0 0 0.6090969748553341
0.9785738837380216 0 0 0 0 0 0 0 0 0 0.8185148598290348
0.6877028399505304 1 0 0 0 0 0 0 0 0 0.5223560260115956
0.8506981295006066 0 0 0 0 0 0 0 0 0 0.5803096689366203
0.9667484170295417 0 0 0 0 0 0 0 0 0 0.936829286758063
0.5635411102589154 0 0 0 0 0 0 0 0 0 0.9173198842858401
0.7810630443862043 1 0 0 0 0 0 0 0 0 0.7132813445586341
0.9503821112750972 0 0 0 0 0 0 0 0 0 0.5436502017650742
0.8314859343669764 1 0 0 0 0 0 0 0 0 0.8331536307861227
0.9836815992820542 0 0 0 0 0 0 0 0 0 0.7107904172100629
0.8777043975159884 0 0 0 0 0 0 0 0 0 0.8290420448793594
0.5208666081016113 0 0 0 0 0 0 0 0 0 0.6020134621479709
0.8651241802795204 1 0 0 0 0 0 0 0 0 0.5632177326183573
0.8657067763887547 0 0 0 0 0 0 0 0 0 0.5133080733188514
0.9889422662618758 0 0 0 0 0 0 0 0 0 0.7346588230878976
0.8540002836404713 1 0 0 0 0 0 0 0 0 0.6647676525929717
0.9814194678355239 1 0 0 0 0 0 0 0 0 0.8019391786658134
